       1        1        1
  0.10142154       0.98008844E-01   0.50141500E-01   0.75543090E-01   0.59505666E-01   0.40515911E-01
  0.49643783       0.50356217    
  0.97456739       0.25432613E-01   0.44408921E-15
  0.40389558       0.51697531E-03   0.59558745    
  0.21616939E-02   0.19645062E-01   0.97819324    
             NaN              NaN              NaN              NaN              NaN              NaN              NaN
       1        9        1
  0.10122821       0.97822036E-01   0.50231434E-01   0.75693857E-01   0.59604691E-01   0.40603694E-01
  0.49664463       0.50335537    
  0.97642850       0.23571502E-01    0.0000000    
  0.40472274       0.51697531E-03   0.59476029    
  0.21289836E-02   0.19645062E-01   0.97822595    
             NaN              NaN              NaN              NaN              NaN              NaN              NaN
       1       17        1
  0.10088114       0.97656580E-01   0.50295493E-01   0.76025830E-01   0.59709553E-01   0.40664288E-01
  0.49664463       0.50335537    
  0.97808282       0.21917181E-01   0.44408921E-15
  0.40658385       0.51697531E-03   0.59289918    
  0.20741005E-02   0.19438272E-01   0.97848763    
             NaN              NaN              NaN              NaN              NaN              NaN              NaN
       1       25        1
  0.10056404       0.97491684E-01   0.50360473E-01   0.76325084E-01   0.59815123E-01   0.40723614E-01
  0.49664463       0.50335537    
  0.97973714       0.20262860E-01   0.44408921E-15
  0.40823817       0.51697531E-03   0.59124486    
  0.19918970E-02   0.19231481E-01   0.97877662    
             NaN              NaN              NaN              NaN              NaN              NaN              NaN
       1       33        1
  0.10029343       0.97347855E-01   0.50434309E-01   0.76556963E-01   0.59884893E-01   0.40797673E-01
  0.49685142       0.50314858    
  0.98118467       0.18815329E-01   0.11102230E-15
  0.40968570       0.51697531E-03   0.58979733    
  0.19887767E-02   0.19231481E-01   0.97877974    
             NaN              NaN              NaN              NaN              NaN              NaN              NaN
       1       41        1
  0.10014331       0.97204451E-01   0.50491537E-01   0.76693079E-01   0.59970798E-01   0.40855172E-01
  0.49685142       0.50314858    
  0.98263220       0.17367798E-01    0.0000000    
  0.41030607       0.51697531E-03   0.58917695    
  0.19887767E-02   0.19024691E-01   0.97898653    
             NaN              NaN              NaN              NaN              NaN              NaN              NaN
       1       49        1
  0.99812188E-01   0.97081868E-01   0.50541018E-01   0.77010390E-01   0.60045659E-01   0.40902893E-01
  0.49685142       0.50314858    
  0.98387294       0.16127058E-01   0.44408921E-15
  0.41216718       0.51697531E-03   0.58731584    
  0.19577397E-02   0.18817901E-01   0.97922436    
             NaN              NaN              NaN              NaN              NaN              NaN              NaN
       1       57        1
  0.99518680E-01   0.96959594E-01   0.50619332E-01   0.77245901E-01   0.60092946E-01   0.40977881E-01
  0.49705821       0.50294179    
  0.98511368       0.14886317E-01   0.33306691E-15
  0.41382150       0.51697531E-03   0.58566152    
  0.19087047E-02   0.18611111E-01   0.97948018    
             NaN              NaN              NaN              NaN              NaN              NaN              NaN
       1       65        1
  0.99247104E-01   0.96837628E-01   0.50658068E-01   0.77519795E-01   0.60177297E-01   0.41015495E-01
  0.49705821       0.50294179    
  0.98635442       0.13645576E-01   0.11102230E-15
  0.41526903       0.51697531E-03   0.58421399    
  0.18874909E-02   0.18611111E-01   0.97950140    
             NaN              NaN              NaN              NaN              NaN              NaN              NaN
       1       73        1
  0.98993180E-01   0.96736224E-01   0.50729077E-01   0.77717042E-01   0.60209424E-01   0.41084773E-01
  0.49726500       0.50273500    
  0.98738837       0.12611626E-01    0.0000000    
  0.41671656       0.51697531E-03   0.58276646    
  0.18604277E-02   0.18404321E-01   0.97973525    
             NaN              NaN              NaN              NaN              NaN              NaN              NaN
       1       81        1
  0.98794753E-01   0.96635032E-01   0.50772896E-01   0.77899114E-01   0.60269240E-01   0.41126149E-01
  0.49726500       0.50273500    
  0.98842233       0.11577675E-01   0.22204460E-15
  0.41775051       0.51697531E-03   0.58173251    
  0.18247104E-02   0.18197531E-01   0.97997776    
             NaN              NaN              NaN              NaN              NaN              NaN              NaN
       1       89        1
  0.98474337E-01   0.96554231E-01   0.50799019E-01   0.78217953E-01   0.60329504E-01   0.41146686E-01
  0.49726500       0.50273500    
  0.98924949       0.10750514E-01   0.33306691E-15
  0.41961163       0.51697531E-03   0.57987140    
  0.17458577E-02   0.18197531E-01   0.98005661    
             NaN              NaN              NaN              NaN              NaN              NaN              NaN
       1       97        1
  0.98260157E-01   0.96473565E-01   0.50862549E-01   0.78377424E-01   0.60346136E-01   0.41210721E-01
  0.49747179       0.50252821    
  0.99007665       0.99233539E-02   0.33306691E-15
  0.42085237       0.51697531E-03   0.57863066    
  0.17487413E-02   0.17990741E-01   0.98026052    
             NaN              NaN              NaN              NaN              NaN              NaN              NaN
       1      105        1
  0.97975461E-01   0.96393033E-01   0.50898121E-01   0.78648812E-01   0.60391527E-01   0.41245861E-01
  0.49747179       0.50252821    
  0.99090381       0.90961934E-02   0.33306691E-15
  0.42250669       0.51697531E-03   0.57697634    
  0.17372237E-02   0.17783951E-01   0.98047883    
             NaN              NaN              NaN              NaN              NaN              NaN              NaN
       1      113        1
  0.97813938E-01   0.96312636E-01   0.50924234E-01   0.78810378E-01   0.60447785E-01   0.41270001E-01
  0.49747179       0.50252821    
  0.99173097       0.82690329E-02    0.0000000    
  0.42333385       0.51697531E-03   0.57614918    
  0.17086255E-02   0.17783951E-01   0.98050742    
             NaN              NaN              NaN              NaN              NaN              NaN              NaN
       1      121        1
  0.97511214E-01   0.96252426E-01   0.50980845E-01   0.79057382E-01   0.60453201E-01   0.41324795E-01
  0.49767858       0.50232142    
  0.99235134       0.76486626E-02   0.11102230E-15
  0.42519496       0.51697531E-03   0.57428807    
  0.16803049E-02   0.17577160E-01   0.98074253    
             NaN              NaN              NaN              NaN              NaN              NaN              NaN
       1      129        1
  0.97262900E-01   0.96192291E-01   0.50999353E-01   0.79307099E-01   0.60496632E-01   0.41341498E-01
  0.49767858       0.50232142    
  0.99297171       0.70282922E-02   0.11102230E-15
  0.42664249       0.51697531E-03   0.57284053    
  0.16522593E-02   0.17577160E-01   0.98077058    
             NaN              NaN              NaN              NaN              NaN              NaN              NaN
       1      137        1
  0.97021142E-01   0.96142685E-01   0.51025740E-01   0.79532942E-01   0.60522126E-01   0.41365610E-01
  0.49767858       0.50232142    
  0.99348404       0.65159568E-02   0.33306691E-15
  0.42809002       0.51697531E-03   0.57139300    
  0.16189639E-02   0.17370370E-01   0.98101067    
             NaN              NaN              NaN              NaN              NaN              NaN              NaN
       1      145        1
  0.96875844E-01   0.96082687E-01   0.51083529E-01   0.79620642E-01   0.60526161E-01   0.41421573E-01
  0.49788537       0.50211463    
  0.99410441       0.58955864E-02   0.22204460E-15
  0.42891718       0.51697531E-03   0.57056584    
  0.15942470E-02   0.17163580E-01   0.98124217    
             NaN              NaN              NaN              NaN              NaN              NaN              NaN
       1      153        1
  0.96571383E-01   0.96042730E-01   0.51095367E-01   0.79925619E-01   0.60557693E-01   0.41429998E-01
  0.49788537       0.50211463    
  0.99451799       0.54820062E-02   0.11102230E-15
  0.43077829       0.51697531E-03   0.56870473    
  0.15454601E-02   0.17163580E-01   0.98129096    
             NaN              NaN              NaN              NaN              NaN              NaN              NaN
       1      161        1
  0.96307894E-01   0.96002806E-01   0.51144561E-01   0.80135440E-01   0.60548098E-01   0.41479516E-01
  0.49809216       0.50190784    
  0.99493157       0.50684259E-02   0.11102230E-15
  0.43243261       0.51697531E-03   0.56705041    
  0.15454601E-02   0.16956790E-01   0.98149775    
             NaN              NaN              NaN              NaN              NaN              NaN              NaN
       1      169        1
  0.96064870E-01   0.95952501E-01   0.51171155E-01   0.80362721E-01   0.60573821E-01   0.41504099E-01
  0.49809216       0.50190784    
  0.99545319       0.45468107E-02    0.0000000    
  0.43388014       0.51697531E-03   0.56560288    
  0.15160655E-02   0.16750000E-01   0.98173393    
             NaN              NaN              NaN              NaN              NaN              NaN              NaN
       1      177        1
  0.95951445E-01   0.95912652E-01   0.51183985E-01   0.80476059E-01   0.60602372E-01   0.41515397E-01
  0.49809216       0.50190784    
  0.99586677       0.41332305E-02    0.0000000    
  0.43450051       0.51697531E-03   0.56498251    
  0.14948851E-02   0.16750000E-01   0.98175511    
             NaN              NaN              NaN              NaN              NaN              NaN              NaN
       1      185        1
  0.95662311E-01   0.95892740E-01   0.51227391E-01   0.80708419E-01   0.60582119E-01   0.41555561E-01
  0.49829895       0.50170105    
  0.99607356       0.39264403E-02    0.0000000    
  0.43636163       0.51697531E-03   0.56312140    
  0.14504229E-02   0.16543210E-01   0.98200637    
             NaN              NaN              NaN              NaN              NaN              NaN              NaN
       1      193        1
  0.95392159E-01   0.95852941E-01   0.51249712E-01   0.80964860E-01   0.60599854E-01   0.41577626E-01
  0.49829895       0.50170105    
  0.99648714       0.35128601E-02   0.11102230E-15
  0.43801595       0.51697531E-03   0.56146708    
  0.14426530E-02   0.16336420E-01   0.98222093    
             NaN              NaN              NaN              NaN              NaN              NaN              NaN
       1      201        1
  0.95159810E-01   0.95833054E-01   0.51254842E-01   0.81198686E-01   0.60616156E-01   0.41581211E-01
  0.49829895       0.50170105    
  0.99669393       0.33060700E-02   0.11102230E-15
  0.43946348       0.51697531E-03   0.56001955    
  0.14194797E-02   0.16336420E-01   0.98224410    
             NaN              NaN              NaN              NaN              NaN              NaN              NaN
       1      209        1
  0.94924957E-01   0.95793551E-01   0.51304927E-01   0.81376838E-01   0.60608221E-01   0.41628649E-01
  0.49850574       0.50149426    
  0.99710494       0.28950617E-02    0.0000000    
  0.44091101       0.51697531E-03   0.55857202    
  0.13838353E-02   0.16129630E-01   0.98248654    
             NaN              NaN              NaN              NaN              NaN              NaN              NaN
       1      217        1
  0.94756402E-01   0.95773442E-01   0.51310338E-01   0.81547038E-01   0.60623508E-01   0.41633471E-01
  0.49850574       0.50149426    
  0.99731430       0.26856996E-02    0.0000000    
  0.44194496       0.51697531E-03   0.55753807    
  0.13737405E-02   0.16129630E-01   0.98249663    
             NaN              NaN              NaN              NaN              NaN              NaN              NaN
       1      225        1
  0.94432560E-01   0.95753588E-01   0.51348507E-01   0.81821601E-01   0.60609099E-01   0.41667734E-01
  0.49850574       0.50149426    
  0.99752109       0.24789095E-02    0.0000000    
  0.44380607       0.72376543E-03   0.55547016    
  0.13213862E-02   0.15922840E-01   0.98275577    
             NaN              NaN              NaN              NaN              NaN              NaN              NaN
       1      233        1
  0.94174744E-01   0.95733742E-01   0.51390709E-01   0.82026171E-01   0.60586472E-01   0.41710207E-01
  0.49871253       0.50128747    
  0.99772788       0.22721193E-02    0.0000000    
  0.44546039       0.72376543E-03   0.55381584    
  0.13213862E-02   0.15716049E-01   0.98296256    
             NaN              NaN              NaN              NaN              NaN              NaN              NaN
       1      241        1
  0.93973878E-01   0.95713904E-01   0.51395867E-01   0.82228746E-01   0.60602098E-01   0.41714418E-01
  0.49871253       0.50128747    
  0.99793467       0.20653292E-02    0.0000000    
  0.44670113       0.72376543E-03   0.55257510    
  0.13066244E-02   0.15716049E-01   0.98297733    
             NaN              NaN              NaN              NaN              NaN              NaN              NaN
       1      249        1
  0.93842386E-01   0.95694074E-01   0.51439775E-01   0.82303436E-01   0.60579732E-01   0.41756615E-01
  0.49891932       0.50108068    
  0.99814146       0.18585391E-02    0.0000000    
  0.44752829       0.72376543E-03   0.55174794    
  0.12846436E-02   0.15509259E-01   0.98320610    
             NaN              NaN              NaN              NaN              NaN              NaN              NaN
       1      257        1
  0.93549352E-01   0.95684607E-01   0.51441182E-01   0.82597786E-01   0.60590404E-01   0.41755410E-01
  0.49891932       0.50108068    
  0.99824022       0.17597840E-02   0.11102230E-15
  0.44938940       0.72376543E-03   0.54988683    
  0.12484367E-02   0.15509259E-01   0.98324230    
             NaN              NaN              NaN              NaN              NaN              NaN              NaN
       1      265        1
  0.93286308E-01   0.95664790E-01   0.51457132E-01   0.82846671E-01   0.60594555E-01   0.41771076E-01
  0.49891932       0.50108068    
  0.99844701       0.15529938E-02    0.0000000    
  0.45104372       0.72376543E-03   0.54823251    
  0.12412589E-02   0.15302469E-01   0.98345627    
             NaN              NaN              NaN              NaN              NaN              NaN              NaN
       1      273        1
  0.93060844E-01   0.95654440E-01   0.51485206E-01   0.83034427E-01   0.60578376E-01   0.41797605E-01
  0.49912611       0.50087389    
  0.99855504       0.14449588E-02    0.0000000    
  0.45249126       0.72376543E-03   0.54678498    
  0.12198517E-02   0.15302469E-01   0.98347768    
             NaN              NaN              NaN              NaN              NaN              NaN              NaN
       1      281        1
  0.92960938E-01   0.95644981E-01   0.51500074E-01   0.83115345E-01   0.60575799E-01   0.41809641E-01
  0.49912611       0.50087389    
  0.99865380       0.13462037E-02    0.0000000    
  0.45311163       0.72376543E-03   0.54616461    
  0.11845897E-02   0.15095679E-01   0.98371973    
             NaN              NaN              NaN              NaN              NaN              NaN              NaN
       1      289        1
  0.92669858E-01   0.95634635E-01   0.51512604E-01   0.83392772E-01   0.60573675E-01   0.41822111E-01
  0.49912611       0.50087389    
  0.99876183       0.12381687E-02    0.0000000    
  0.45497274       0.72376543E-03   0.54430350    
  0.11799271E-02   0.14888889E-01   0.98393118    
             NaN              NaN              NaN              NaN              NaN              NaN              NaN
       1      297        1
  0.92553398E-01   0.95625180E-01   0.51531448E-01   0.83483348E-01   0.60568981E-01   0.41836260E-01
  0.49933290       0.50066710    
  0.99886059       0.11394136E-02    0.0000000    
  0.45579990       0.62037037E-03   0.54357973    
  0.11224098E-02   0.14888889E-01   0.98398870    
             NaN              NaN              NaN              NaN              NaN              NaN              NaN
       1      305        1
  0.92166232E-01   0.95614838E-01   0.51542949E-01   0.83858643E-01   0.60567401E-01   0.41848182E-01
  0.49933290       0.50066710    
  0.99896862       0.10313786E-02    0.0000000    
  0.45828138       0.62037037E-03   0.54109825    
  0.11224098E-02   0.14682099E-01   0.98419549    
             NaN              NaN              NaN              NaN              NaN              NaN              NaN
       1      313        1
  0.91969920E-01   0.95605387E-01   0.51544251E-01   0.84057839E-01   0.60575326E-01   0.41849708E-01
  0.49933290       0.50066710    
  0.99906738       0.93262346E-03    0.0000000    
  0.45952212       0.62037037E-03   0.53985751    
  0.11224098E-02   0.14682099E-01   0.98419549    
             NaN              NaN              NaN              NaN              NaN              NaN              NaN
       1      321        1
  0.91744699E-01   0.95595050E-01   0.51583693E-01   0.84228304E-01   0.60547745E-01   0.41887626E-01
  0.49953969       0.50046031    
  0.99917541       0.82458848E-03   0.11102230E-15
  0.46096965       0.62037037E-03   0.53840998    
  0.11020462E-02   0.14475309E-01   0.98442265    
             NaN              NaN              NaN              NaN              NaN              NaN              NaN
       1      329        1
  0.91453741E-01   0.95585602E-01   0.51606346E-01   0.84489297E-01   0.60535957E-01   0.41908861E-01
  0.49953969       0.50046031    
  0.99927417       0.72583333E-03   0.11102230E-15
  0.46262397       0.82716049E-03   0.53654887    
  0.10818615E-02   0.14475309E-01   0.98444283    
             NaN              NaN              NaN              NaN              NaN              NaN              NaN
       1      337        1
  0.91232748E-01   0.95585602E-01   0.51642201E-01   0.84655844E-01   0.60501428E-01   0.41943390E-01
  0.49974648       0.50025352    
  0.99927417       0.72583333E-03   0.11102230E-15
  0.46407150       0.82716049E-03   0.53510134    
  0.10640686E-02   0.14268519E-01   0.98466741    
             NaN              NaN              NaN              NaN              NaN              NaN              NaN
       1      345        1
  0.91035125E-01   0.95575515E-01   0.51644105E-01   0.84855106E-01   0.60510711E-01   0.41944194E-01
  0.49974648       0.50025352    
  0.99937963       0.62037037E-03   0.22204460E-15
  0.46531224       0.82716049E-03   0.53386060    
  0.10486139E-02   0.14268519E-01   0.98468287    
             NaN              NaN              NaN              NaN              NaN              NaN              NaN
       1      353        1
  0.90811304E-01   0.95575515E-01   0.51654308E-01   0.85063078E-01   0.60501595E-01   0.41953310E-01
  0.49974648       0.50025352    
  0.99937963       0.62037037E-03   0.33306691E-15
  0.46675977       0.82716049E-03   0.53241307    
  0.10332649E-02   0.14061728E-01   0.98490501    
             NaN              NaN              NaN              NaN              NaN              NaN              NaN
       1      361        1
  0.90584756E-01   0.95565628E-01   0.51693481E-01   0.85234880E-01   0.60474169E-01   0.41990623E-01
  0.49995327       0.50004673    
  0.99948302       0.51697531E-03   0.11102230E-15
  0.46820730       0.82716049E-03   0.53096553    
  0.10093572E-02   0.13854938E-01   0.98513570    
             NaN              NaN              NaN              NaN              NaN              NaN              NaN
       1      369        1
  0.90359941E-01   0.95565826E-01   0.51691495E-01   0.85462322E-01   0.60476466E-01   0.41988129E-01
  0.49995327       0.50004673    
  0.99948096       0.51904321E-03   0.11102230E-15
  0.46965484       0.82716049E-03   0.52951800    
  0.10007272E-02   0.13854938E-01   0.98514433    
             NaN              NaN              NaN              NaN              NaN              NaN              NaN
       1      377        1
  0.90129491E-01   0.95555743E-01   0.51706202E-01   0.85673580E-01   0.60476186E-01   0.41998492E-01
  0.49995327       0.50004673    
  0.99958642       0.41358025E-03   0.22204460E-15
  0.47110237       0.82716049E-03   0.52807047    
  0.94755107E-03   0.13648148E-01   0.98540430    
             NaN              NaN              NaN              NaN              NaN              NaN              NaN
       1      385        1
  0.89938899E-01   0.95555743E-01   0.51729648E-01   0.85828987E-01   0.60452773E-01   0.42021904E-01
  0.50016006       0.49983994    
  0.99958642       0.41358025E-03   0.22204460E-15
  0.47234311       0.82716049E-03   0.52682973    
  0.94545105E-03   0.13648148E-01   0.98540640    
             NaN              NaN              NaN              NaN              NaN              NaN              NaN
       1      393        1
  0.89683003E-01   0.95555743E-01   0.51739200E-01   0.86070670E-01   0.60442993E-01   0.42031685E-01
  0.50016006       0.49983994    
  0.99958642       0.41358025E-03   0.22204460E-15
  0.47399743       0.82716049E-03   0.52517541    
  0.94545105E-03   0.13441358E-01   0.98561319    
             NaN              NaN              NaN              NaN              NaN              NaN              NaN
       1      401        1
  0.89454817E-01   0.95545860E-01   0.51765725E-01   0.86263558E-01   0.60427251E-01   0.42057310E-01
  0.50036685       0.49963315    
  0.99968981       0.31018519E-03    0.0000000    
  0.47544496       0.82716049E-03   0.52372788    
  0.93289415E-03   0.13441358E-01   0.98562575    
             NaN              NaN              NaN              NaN              NaN              NaN              NaN
       1      409        1
  0.89262483E-01   0.95546058E-01   0.51776227E-01   0.86439583E-01   0.60417467E-01   0.42066896E-01
  0.50036685       0.49963315    
  0.99968775       0.31225309E-03    0.0000000    
  0.47668570       0.82716049E-03   0.52248714    
  0.92041103E-03   0.13234568E-01   0.98584502    
             NaN              NaN              NaN              NaN              NaN              NaN              NaN
       1      417        1
  0.89069045E-01   0.95546058E-01   0.51774828E-01   0.86634494E-01   0.60420119E-01   0.42064245E-01
  0.50036685       0.49963315    
  0.99968775       0.31225309E-03    0.0000000    
  0.47792644       0.82716049E-03   0.52124640    
  0.90388088E-03   0.13234568E-01   0.98586155    
             NaN              NaN              NaN              NaN              NaN              NaN              NaN
       1      425        1
  0.88808684E-01   0.95535979E-01   0.51813165E-01   0.86841770E-01   0.60393097E-01   0.42101345E-01
  0.50057364       0.49942636    
  0.99979321       0.20679012E-03   0.22204460E-15
  0.47958076       0.82716049E-03   0.51959208    
  0.88748013E-03   0.13027778E-01   0.98608474    
             NaN              NaN              NaN              NaN              NaN              NaN              NaN
       1      433        1
  0.88550748E-01   0.95535979E-01   0.51811159E-01   0.87102035E-01   0.60396466E-01   0.42097976E-01
  0.50057364       0.49942636    
  0.99979321       0.20679012E-03   0.22204460E-15
  0.48123508       0.82716049E-03   0.51793776    
  0.86918272E-03   0.13027778E-01   0.98610304    
             NaN              NaN              NaN              NaN              NaN              NaN              NaN
       1      441        1
  0.88357978E-01   0.95535979E-01   0.51821831E-01   0.87278344E-01   0.60386697E-01   0.42107744E-01
  0.50057364       0.49942636    
  0.99979321       0.20679012E-03   0.22204460E-15
  0.48247582       0.82716049E-03   0.51669702    
  0.85707402E-03   0.12820988E-01   0.98632194    
             NaN              NaN              NaN              NaN              NaN              NaN              NaN
       1      449        1
  0.88197358E-01   0.95535979E-01   0.51845671E-01   0.87402208E-01   0.60364850E-01   0.42129592E-01
  0.50078043       0.49921957    
  0.99979321       0.20679012E-03   0.22204460E-15
  0.48350977       0.82716049E-03   0.51566307    
  0.83306978E-03   0.12820988E-01   0.98634594    
             NaN              NaN              NaN              NaN              NaN              NaN              NaN
       1      457        1
  0.87908270E-01   0.95535733E-01   0.51855126E-01   0.87677350E-01   0.60355410E-01   0.42139277E-01
  0.50078043       0.49921957    
  0.99979578       0.20421811E-03    0.0000000    
  0.48537088       0.82716049E-03   0.51380195    
  0.83306978E-03   0.12614198E-01   0.98655273    
             NaN              NaN              NaN              NaN              NaN              NaN              NaN
       1      465        1
  0.87682848E-01   0.95535733E-01   0.51878239E-01   0.87867010E-01   0.60334483E-01   0.42160205E-01
  0.50098722       0.49901278    
  0.99979578       0.20421811E-03    0.0000000    
  0.48681842       0.82716049E-03   0.51235442    
  0.80640129E-03   0.12614198E-01   0.98657940    
             NaN              NaN              NaN              NaN              NaN              NaN              NaN
       1      473        1
  0.87453180E-01   0.95526100E-01   0.51891508E-01   0.88081591E-01   0.60330847E-01   0.42173474E-01
  0.50098722       0.49901278    
  0.99989660       0.10339506E-03    0.0000000    
  0.48826595       0.82716049E-03   0.51090689    
  0.80443989E-03   0.12407407E-01   0.98678815    
             NaN              NaN              NaN              NaN              NaN              NaN              NaN
       9        1        1
  0.10012301       0.98594617E-01   0.49815062E-01   0.77054872E-01   0.59213380E-01   0.40222424E-01
  0.49643783       0.50356217    
  0.96877726       0.31222737E-01   0.77715612E-15
  0.41402829       0.51697531E-03   0.58545473    
  0.25469207E-02   0.21712963E-01   0.97574012    
             NaN              NaN              NaN              NaN              NaN              NaN              NaN
       9        9        1
  0.99821639E-01   0.98384610E-01   0.49892792E-01   0.77345020E-01   0.59344917E-01   0.40300893E-01
  0.49643783       0.50356217    
  0.97084516       0.29154835E-01   0.44408921E-15
  0.41547582       0.51697531E-03   0.58400720    
  0.25469207E-02   0.21506173E-01   0.97594691    
             NaN              NaN              NaN              NaN              NaN              NaN              NaN
       9       17        1
  0.99526902E-01   0.98175496E-01   0.49998482E-01   0.77586084E-01   0.59447727E-01   0.40407198E-01
  0.49664463       0.50335537    
  0.97291307       0.27086934E-01   0.55511151E-15
  0.41692335       0.51697531E-03   0.58255967    
  0.25469207E-02   0.21299383E-01   0.97615370    
             NaN              NaN              NaN              NaN              NaN              NaN              NaN
       9       25        1
  0.99322755E-01   0.97988053E-01   0.50060001E-01   0.77790237E-01   0.59576530E-01   0.40465839E-01
  0.49664463       0.50335537    
  0.97477418       0.25225823E-01   0.33306691E-15
  0.41775051       0.51697531E-03   0.58173251    
  0.25032481E-02   0.21299383E-01   0.97619737    
             NaN              NaN              NaN              NaN              NaN              NaN              NaN
       9       33        1
  0.98946451E-01   0.97801323E-01   0.50179337E-01   0.78079998E-01   0.59645729E-01   0.40583369E-01
  0.49685142       0.50314858    
  0.97663529       0.23364712E-01    0.0000000    
  0.41961163       0.72376543E-03   0.57966461    
  0.24708252E-02   0.21092593E-01   0.97643658    
             NaN              NaN              NaN              NaN              NaN              NaN              NaN
       9       41        1
  0.98628387E-01   0.97635938E-01   0.50243300E-01   0.78383509E-01   0.59749756E-01   0.40644727E-01
  0.49685142       0.50314858    
  0.97828961       0.21710391E-01   0.44408921E-15
  0.42126595       0.72376543E-03   0.57801029    
  0.24280320E-02   0.20885802E-01   0.97668617    
             NaN              NaN              NaN              NaN              NaN              NaN              NaN
       9       49        1
  0.98381276E-01   0.97491684E-01   0.50300949E-01   0.78615029E-01   0.59838849E-01   0.40699888E-01
  0.49685142       0.50314858    
  0.97973714       0.20262860E-01   0.44408921E-15
  0.42250669       0.72376543E-03   0.57676955    
  0.23892399E-02   0.20679012E-01   0.97693175    
             NaN              NaN              NaN              NaN              NaN              NaN              NaN
       9       57        1
  0.98200022E-01   0.97347855E-01   0.50376000E-01   0.78754003E-01   0.59910863E-01   0.40771703E-01
  0.49705821       0.50294179    
  0.98118467       0.18815329E-01   0.11102230E-15
  0.42333385       0.72376543E-03   0.57594239    
  0.23439248E-02   0.20679012E-01   0.97697706    
             NaN              NaN              NaN              NaN              NaN              NaN              NaN
       9       65        1
  0.97856637E-01   0.97204451E-01   0.50433832E-01   0.79079073E-01   0.60002973E-01   0.40822997E-01
  0.49705821       0.50294179    
  0.98263220       0.17367798E-01   0.11102230E-15
  0.42519496       0.72376543E-03   0.57408128    
  0.22516153E-02   0.20472222E-01   0.97727616    
             NaN              NaN              NaN              NaN              NaN              NaN              NaN
       9       73        1
  0.97593309E-01   0.97081868E-01   0.50510658E-01   0.79288690E-01   0.60048258E-01   0.40900295E-01
  0.49726500       0.50273500    
  0.98387294       0.16127058E-01   0.33306691E-15
  0.42664249       0.72376543E-03   0.57263374    
  0.22516153E-02   0.20265432E-01   0.97748295    
             NaN              NaN              NaN              NaN              NaN              NaN              NaN
       9       81        1
  0.97323144E-01   0.96959594E-01   0.50560133E-01   0.79545532E-01   0.60121550E-01   0.40949277E-01
  0.49726500       0.50273500    
  0.98511368       0.14886317E-01   0.44408921E-15
  0.42809002       0.72376543E-03   0.57118621    
  0.22381444E-02   0.20058642E-01   0.97770321    
             NaN              NaN              NaN              NaN              NaN              NaN              NaN
       9       89        1
  0.97152568E-01   0.96857935E-01   0.50593260E-01   0.79715972E-01   0.60192632E-01   0.40979854E-01
  0.49726500       0.50273500    
  0.98614763       0.13852366E-01   0.22204460E-15
  0.42891718       0.72376543E-03   0.57035905    
  0.22013680E-02   0.20058642E-01   0.97773999    
             NaN              NaN              NaN              NaN              NaN              NaN              NaN
       9       97        1
  0.96832483E-01   0.96756488E-01   0.50663399E-01   0.79980277E-01   0.60226532E-01   0.41047401E-01
  0.49747179       0.50252821    
  0.98718158       0.12818416E-01   0.33306691E-15
  0.43077829       0.72376543E-03   0.56849794    
  0.21616939E-02   0.19851852E-01   0.97798645    
             NaN              NaN              NaN              NaN              NaN              NaN              NaN
       9      105        1
  0.96583095E-01   0.96655254E-01   0.50695994E-01   0.80230348E-01   0.60297255E-01   0.41077912E-01
  0.49747179       0.50252821    
  0.98821553       0.11784465E-01   0.33306691E-15
  0.43222582       0.62037037E-03   0.56715381    
  0.21289836E-02   0.19645062E-01   0.97822595    
             NaN              NaN              NaN              NaN              NaN              NaN              NaN
       9      113        1
  0.96354067E-01   0.96554231E-01   0.50755693E-01   0.80418718E-01   0.60341817E-01   0.41134373E-01
  0.49767858       0.50232142    
  0.98924949       0.10750514E-01   0.33306691E-15
  0.43346656       0.62037037E-03   0.56591307    
  0.20837200E-02   0.19645062E-01   0.97827122    
             NaN              NaN              NaN              NaN              NaN              NaN              NaN
       9      121        1
  0.96097116E-01   0.96473565E-01   0.50793835E-01   0.80655207E-01   0.60391507E-01   0.41165350E-01
  0.49767858       0.50232142    
  0.99007665       0.99233539E-02   0.22204460E-15
  0.43491409       0.62037037E-03   0.56446553    
  0.19887767E-02   0.19438272E-01   0.97857295    
             NaN              NaN              NaN              NaN              NaN              NaN              NaN
       9      129        1
  0.95820582E-01   0.96413153E-01   0.50822334E-01   0.80919589E-01   0.60422641E-01   0.41194626E-01
  0.49767858       0.50232142    
  0.99069702       0.93029835E-02   0.33306691E-15
  0.43656842       0.62037037E-03   0.56281121    
  0.19918970E-02   0.19231481E-01   0.97877662    
             NaN              NaN              NaN              NaN              NaN              NaN              NaN
       9      137        1
  0.95575197E-01   0.96332722E-01   0.50906527E-01   0.81078931E-01   0.60418814E-01   0.41278884E-01
  0.49788537       0.50211463    
  0.99152418       0.84758230E-02   0.33306691E-15
  0.43780916       0.82716049E-03   0.56136368    
  0.19887767E-02   0.19024691E-01   0.97898653    
             NaN              NaN              NaN              NaN              NaN              NaN              NaN
       9      145        1
  0.95389646E-01   0.96272487E-01   0.50925430E-01   0.81265295E-01   0.60462047E-01   0.41295886E-01
  0.49788537       0.50211463    
  0.99214455       0.78554527E-02   0.22204460E-15
  0.43884311       0.82716049E-03   0.56032973    
  0.19608299E-02   0.19024691E-01   0.97901448    
             NaN              NaN              NaN              NaN              NaN              NaN              NaN
       9      153        1
  0.95084039E-01   0.96212327E-01   0.50981383E-01   0.81516044E-01   0.60468270E-01   0.41349824E-01
  0.49809216       0.50190784    
  0.99276492       0.72350823E-02   0.22204460E-15
  0.44070422       0.82716049E-03   0.55846862    
  0.19300636E-02   0.18817901E-01   0.97925204    
             NaN              NaN              NaN              NaN              NaN              NaN              NaN
       9      161        1
  0.94832436E-01   0.96142685E-01   0.51014279E-01   0.81752106E-01   0.60507052E-01   0.41380685E-01
  0.49809216       0.50190784    
  0.99348404       0.65159568E-02   0.11102230E-15
  0.44215175       0.82716049E-03   0.55702109    
  0.18995954E-02   0.18611111E-01   0.97948929    
             NaN              NaN              NaN              NaN              NaN              NaN              NaN
       9      169        1
  0.94627831E-01   0.96102678E-01   0.51053041E-01   0.81917371E-01   0.60510700E-01   0.41417043E-01
  0.49829895       0.50170105    
  0.99389762       0.61023765E-02   0.22204460E-15
  0.44339249       0.82716049E-03   0.55578035    
  0.18664212E-02   0.18611111E-01   0.97952247    
             NaN              NaN              NaN              NaN              NaN              NaN              NaN
       9      177        1
  0.94451800E-01   0.96062505E-01   0.51077266E-01   0.82075587E-01   0.60529777E-01   0.41438140E-01
  0.49829895       0.50170105    
  0.99431327       0.56867284E-02   0.33306691E-15
  0.44442644       0.82716049E-03   0.55474640    
  0.18247104E-02   0.18404321E-01   0.97977097    
             NaN              NaN              NaN              NaN              NaN              NaN              NaN
       9      185        1
  0.94174605E-01   0.96012336E-01   0.51104857E-01   0.82333469E-01   0.60558376E-01   0.41459709E-01
  0.49829895       0.50170105    
  0.99483282       0.51671811E-02    0.0000000    
  0.44608076       0.82716049E-03   0.55309208    
  0.17458577E-02   0.18197531E-01   0.98005661    
             NaN              NaN              NaN              NaN              NaN              NaN              NaN
       9      193        1
  0.93906922E-01   0.95972438E-01   0.51141761E-01   0.82565948E-01   0.60560965E-01   0.41497019E-01
  0.49850574       0.50149426    
  0.99524640       0.47536008E-02   0.11102230E-15
  0.44773508       0.82716049E-03   0.55143776    
  0.17458577E-02   0.18197531E-01   0.98005661    
             NaN              NaN              NaN              NaN              NaN              NaN              NaN
       9      201        1
  0.93700214E-01   0.95932573E-01   0.51164457E-01   0.82758712E-01   0.60577797E-01   0.41520051E-01
  0.49850574       0.50149426    
  0.99565998       0.43400206E-02    0.0000000    
  0.44897582       0.82716049E-03   0.55019702    
  0.17458577E-02   0.17990741E-01   0.98026340    
             NaN              NaN              NaN              NaN              NaN              NaN              NaN
       9      209        1
  0.93528025E-01   0.95892740E-01   0.51214629E-01   0.82874591E-01   0.60569395E-01   0.41568286E-01
  0.49871253       0.50128747    
  0.99607356       0.39264403E-02    0.0000000    
  0.45000977       0.82716049E-03   0.54916307    
  0.17200313E-02   0.17783951E-01   0.98049602    
             NaN              NaN              NaN              NaN              NaN              NaN              NaN
       9      217        1
  0.93263595E-01   0.95872837E-01   0.51219200E-01   0.83141163E-01   0.60586633E-01   0.41570951E-01
  0.49871253       0.50128747    
  0.99628035       0.37196502E-02   0.11102230E-15
  0.45166409       0.82716049E-03   0.54750874    
  0.16916000E-02   0.17783951E-01   0.98052445    
             NaN              NaN              NaN              NaN              NaN              NaN              NaN
       9      225        1
  0.92991798E-01   0.95833054E-01   0.51241979E-01   0.83397842E-01   0.60605317E-01   0.41592050E-01
  0.49871253       0.50128747    
  0.99669393       0.33060700E-02   0.11102230E-15
  0.45331842       0.82716049E-03   0.54585442    
  0.16662479E-02   0.17577160E-01   0.98075659    
             NaN              NaN              NaN              NaN              NaN              NaN              NaN
       9      233        1
  0.92795857E-01   0.95813175E-01   0.51285174E-01   0.83537882E-01   0.60584099E-01   0.41633147E-01
  0.49891932       0.50108068    
  0.99690072       0.30992798E-02    0.0000000    
  0.45455916       0.82716049E-03   0.54461368    
  0.16383388E-02   0.17370370E-01   0.98099129    
             NaN              NaN              NaN              NaN              NaN              NaN              NaN
       9      241        1
  0.92626556E-01   0.95793304E-01   0.51290762E-01   0.83707719E-01   0.60600417E-01   0.41636700E-01
  0.49891932       0.50108068    
  0.99710751       0.28924897E-02    0.0000000    
  0.45559311       0.82716049E-03   0.54357973    
  0.16107008E-02   0.17370370E-01   0.98101893    
             NaN              NaN              NaN              NaN              NaN              NaN              NaN
       9      249        1
  0.92364963E-01   0.95773442E-01   0.51334223E-01   0.83911478E-01   0.60581965E-01   0.41675014E-01
  0.49912611       0.50087389    
  0.99731430       0.26856996E-02   0.11102230E-15
  0.45724743       0.82716049E-03   0.54192541    
  0.15454601E-02   0.17163580E-01   0.98129096    
