       1        1        1
  0.10449643       0.10059149       0.49103927E-01   0.72742886E-01   0.57941310E-01   0.39497623E-01
  0.49571470       0.50428530    
  0.94954578       0.50454218E-01   0.44408921E-15
  0.39004064       0.31018519E-03   0.60964918    
  0.25100281E-02   0.21092593E-01   0.97639738    
             NaN              NaN              NaN              NaN              NaN              NaN              NaN
       1        9        1
  0.10433636       0.10041654       0.49160772E-01   0.72905361E-01   0.58059005E-01   0.39554876E-01
  0.49571470       0.50428530    
  0.95120010       0.48799897E-01   0.33306691E-15
  0.39066101       0.31018519E-03   0.60902881    
  0.25100281E-02   0.21092593E-01   0.97639738    
             NaN              NaN              NaN              NaN              NaN              NaN              NaN
       1       17        1
  0.10419430       0.10026396       0.49239805E-01   0.73005182E-01   0.58132514E-01   0.39633948E-01
  0.49592149       0.50407851    
  0.95264763       0.47352366E-01   0.44408921E-15
  0.39128138       0.31018519E-03   0.60840844    
  0.25071283E-02   0.21092593E-01   0.97640028    
             NaN              NaN              NaN              NaN              NaN              NaN              NaN
       1       25        1
  0.10400647       0.10009015       0.49306652E-01   0.73179337E-01   0.58240100E-01   0.39700173E-01
  0.49592149       0.50407851    
  0.95430195       0.45698045E-01   0.44408921E-15
  0.39210854       0.31018519E-03   0.60758128    
  0.24926718E-02   0.20885802E-01   0.97662153    
             NaN              NaN              NaN              NaN              NaN              NaN              NaN
       1       33        1
  0.10385429       0.99938556E-01   0.49356275E-01   0.73332336E-01   0.58343163E-01   0.39748702E-01
  0.49592149       0.50407851    
  0.95574949       0.44250514E-01   0.55511151E-15
  0.39272891       0.31018519E-03   0.60696091    
  0.24725506E-02   0.20885802E-01   0.97664165    
             NaN              NaN              NaN              NaN              NaN              NaN              NaN
       1       41        1
  0.10373216       0.99787423E-01   0.49406611E-01   0.73453113E-01   0.58446794E-01   0.39796204E-01
  0.49592149       0.50407851    
  0.95719702       0.42802984E-01   0.55511151E-15
  0.39314249       0.31018519E-03   0.60654733    
  0.24298938E-02   0.20885802E-01   0.97668430    
             NaN              NaN              NaN              NaN              NaN              NaN              NaN
       1       49        1
  0.10349822       0.99636746E-01   0.49485971E-01   0.73643582E-01   0.58517649E-01   0.39876026E-01
  0.49592149       0.50407851    
  0.95864455       0.41355453E-01   0.55511151E-15
  0.39417644       0.51697531E-03   0.60530658    
  0.24298938E-02   0.20679012E-01   0.97689109    
             NaN              NaN              NaN              NaN              NaN              NaN              NaN
       1       57        1
  0.10334576       0.99486524E-01   0.49535317E-01   0.73796386E-01   0.58620020E-01   0.39923877E-01
  0.49592149       0.50407851    
  0.96009208       0.39907922E-01   0.55511151E-15
  0.39479681       0.51697531E-03   0.60468621    
  0.24045978E-02   0.20679012E-01   0.97691639    
             NaN              NaN              NaN              NaN              NaN              NaN              NaN
       1       65        1
  0.10318032       0.99358122E-01   0.49606087E-01   0.73919503E-01   0.58678388E-01   0.39993912E-01
  0.49612828       0.50387172    
  0.96133282       0.38667181E-01   0.66613381E-15
  0.39562397       0.51697531E-03   0.60385905    
  0.23906401E-02   0.20679012E-01   0.97693035    
             NaN              NaN              NaN              NaN              NaN              NaN              NaN
       1       73        1
  0.10299986       0.99208738E-01   0.49665503E-01   0.74084496E-01   0.58770423E-01   0.40051260E-01
  0.49612828       0.50387172    
  0.96278035       0.37219650E-01   0.33306691E-15
  0.39645113       0.51697531E-03   0.60303189    
  0.23574184E-02   0.20472222E-01   0.97717036    
             NaN              NaN              NaN              NaN              NaN              NaN              NaN
       1       81        1
  0.10291599       0.99081051E-01   0.49709277E-01   0.74163828E-01   0.58859786E-01   0.40089584E-01
  0.49612828       0.50387172    
  0.96402109       0.35978909E-01   0.44408921E-15
  0.39665792       0.51697531E-03   0.60282510    
  0.22813984E-02   0.20472222E-01   0.97724638    
             NaN              NaN              NaN              NaN              NaN              NaN              NaN
       1       89        1
  0.10268301       0.98953693E-01   0.49760059E-01   0.74384566E-01   0.58935858E-01   0.40140869E-01
  0.49612828       0.50387172    
  0.96526183       0.34738169E-01   0.44408921E-15
  0.39789866       0.51697531E-03   0.60158436    
  0.22813984E-02   0.20265432E-01   0.97745317    
             NaN              NaN              NaN              NaN              NaN              NaN              NaN
       1       97        1
  0.10253948       0.98826662E-01   0.49801108E-01   0.74530199E-01   0.59021508E-01   0.40182250E-01
  0.49612828       0.50387172    
  0.96650257       0.33497428E-01   0.55511151E-15
  0.39851903       0.51697531E-03   0.60096399    
  0.22813984E-02   0.20265432E-01   0.97745317    
             NaN              NaN              NaN              NaN              NaN              NaN              NaN
       1      105        1
  0.10250600       0.98721052E-01   0.49864949E-01   0.74520712E-01   0.59063300E-01   0.40246069E-01
  0.49633507       0.50366493    
  0.96753652       0.32463477E-01   0.44408921E-15
  0.39851903       0.51697531E-03   0.60096399    
  0.22813984E-02   0.20265432E-01   0.97745317    
             NaN              NaN              NaN              NaN              NaN              NaN              NaN
       1      113        1
  0.10224119       0.98594617E-01   0.49915415E-01   0.74772923E-01   0.59139492E-01   0.40296312E-01
  0.49633507       0.50366493    
  0.96877726       0.31222737E-01   0.33306691E-15
  0.39996656       0.51697531E-03   0.59951646    
  0.22707071E-02   0.20058642E-01   0.97767065    
             NaN              NaN              NaN              NaN              NaN              NaN              NaN
       1      121        1
  0.10213641       0.98489502E-01   0.49949983E-01   0.74877841E-01   0.59211194E-01   0.40329725E-01
  0.49633507       0.50366493    
  0.96981121       0.30188786E-01   0.44408921E-15
  0.40038014       0.51697531E-03   0.59910288    
  0.22520976E-02   0.20058642E-01   0.97768926    
             NaN              NaN              NaN              NaN              NaN              NaN              NaN
       1      129        1
  0.10193844       0.98384610E-01   0.49983594E-01   0.75077365E-01   0.59283413E-01   0.40362397E-01
  0.49633507       0.50366493    
  0.97084516       0.29154835E-01   0.44408921E-15
  0.40141409       0.51697531E-03   0.59806893    
  0.22336151E-02   0.20058642E-01   0.97770774    
             NaN              NaN              NaN              NaN              NaN              NaN              NaN
       1      137        1
  0.10180553       0.98279942E-01   0.50028414E-01   0.75194725E-01   0.59344576E-01   0.40405903E-01
  0.49633507       0.50366493    
  0.97187912       0.28120885E-01   0.55511151E-15
  0.40203447       0.51697531E-03   0.59744856    
  0.22126464E-02   0.19851852E-01   0.97793550    
             NaN              NaN              NaN              NaN              NaN              NaN              NaN
       1      145        1
  0.10173177       0.98175496E-01   0.50063057E-01   0.75268137E-01   0.59415587E-01   0.40439337E-01
  0.49633507       0.50366493    
  0.97291307       0.27086934E-01   0.44408921E-15
  0.40224126       0.51697531E-03   0.59724177    
  0.21944328E-02   0.19851852E-01   0.97795372    
             NaN              NaN              NaN              NaN              NaN              NaN              NaN
       1      153        1
  0.10151063       0.98071272E-01   0.50124872E-01   0.75448181E-01   0.59458966E-01   0.40500182E-01
  0.49654186       0.50345814    
  0.97394702       0.26052984E-01   0.33306691E-15
  0.40348200       0.51697531E-03   0.59600103    
  0.21763435E-02   0.19851852E-01   0.97797180    
             NaN              NaN              NaN              NaN              NaN              NaN              NaN
       1      161        1
  0.10138596       0.97988053E-01   0.50162570E-01   0.75557354E-01   0.59505607E-01   0.40536761E-01
  0.49654186       0.50345814    
  0.97477418       0.25225823E-01   0.33306691E-15
  0.40410237       0.51697531E-03   0.59538066    
  0.21583776E-02   0.19645062E-01   0.97819656    
             NaN              NaN              NaN              NaN              NaN              NaN              NaN
       1      169        1
  0.10134335       0.97884226E-01   0.50197283E-01   0.75599178E-01   0.59575979E-01   0.40570216E-01
  0.49654186       0.50345814    
  0.97580813       0.24191872E-01    0.0000000    
  0.40410237       0.51697531E-03   0.59538066    
  0.21405342E-02   0.19645062E-01   0.97821440    
             NaN              NaN              NaN              NaN              NaN              NaN              NaN
       1      177        1
  0.10108947       0.97801323E-01   0.50224145E-01   0.75852205E-01   0.59636050E-01   0.40593048E-01
  0.49654186       0.50345814    
  0.97663529       0.23364712E-01   0.44408921E-15
  0.40554990       0.51697531E-03   0.59393313    
  0.20802765E-02   0.19645062E-01   0.97827466    
             NaN              NaN              NaN              NaN              NaN              NaN              NaN
       1      185        1
  0.10099613       0.97718560E-01   0.50261782E-01   0.75930269E-01   0.59681578E-01   0.40630283E-01
  0.49654186       0.50345814    
  0.97746245       0.22537551E-01   0.55511151E-15
  0.40596348       0.51697531E-03   0.59351955    
  0.20728433E-02   0.19438272E-01   0.97848889    
             NaN              NaN              NaN              NaN              NaN              NaN              NaN
       1      193        1
  0.10081412       0.97635938E-01   0.50316076E-01   0.76072291E-01   0.59709612E-01   0.40684871E-01
  0.49674865       0.50325135    
  0.97828961       0.21710391E-01   0.44408921E-15
  0.40699743       0.51697531E-03   0.59248560    
  0.20728433E-02   0.19438272E-01   0.97848889    
             NaN              NaN              NaN              NaN              NaN              NaN              NaN
       1      201        1
  0.10065813       0.97553455E-01   0.50352981E-01   0.76214127E-01   0.59755273E-01   0.40721694E-01
  0.49674865       0.50325135    
  0.97911677       0.20883230E-01   0.33306691E-15
  0.40782459       0.51697531E-03   0.59165844    
  0.20679000E-02   0.19231481E-01   0.97870062    
             NaN              NaN              NaN              NaN              NaN              NaN              NaN
       1      209        1
  0.10062401       0.97471111E-01   0.50380529E-01   0.76247574E-01   0.59811126E-01   0.40748184E-01
  0.49674865       0.50325135    
  0.97994393       0.20056070E-01    0.0000000    
  0.40782459       0.51697531E-03   0.59165844    
  0.20531279E-02   0.19231481E-01   0.97871539    
             NaN              NaN              NaN              NaN              NaN              NaN              NaN
       1      217        1
  0.10040172       0.97388906E-01   0.50406523E-01   0.76471265E-01   0.59868746E-01   0.40772769E-01
  0.49674865       0.50325135    
  0.98077109       0.19228909E-01   0.44408921E-15
  0.40906533       0.51697531E-03   0.59041770    
  0.20286997E-02   0.19231481E-01   0.97873982    
             NaN              NaN              NaN              NaN              NaN              NaN              NaN
       1      225        1
  0.10028470       0.97327343E-01   0.50437334E-01   0.76572123E-01   0.59900961E-01   0.40802117E-01
  0.49674865       0.50325135    
  0.98139146       0.18608539E-01   0.44408921E-15
  0.40968570       0.51697531E-03   0.58979733    
  0.20069179E-02   0.19024691E-01   0.97896839    
             NaN              NaN              NaN              NaN              NaN              NaN              NaN
       1      233        1
  0.10012540       0.97245380E-01   0.50463406E-01   0.76733177E-01   0.59957082E-01   0.40827959E-01
  0.49674865       0.50325135    
  0.98221862       0.17781379E-01   0.11102230E-15
  0.41051286       0.51697531E-03   0.58897016    
  0.19996999E-02   0.19024691E-01   0.97897561    
             NaN              NaN              NaN              NaN              NaN              NaN              NaN
       1      241        1
  0.99981575E-01   0.97183999E-01   0.50511170E-01   0.76835507E-01   0.59971783E-01   0.40874640E-01
  0.49695544       0.50304456    
  0.98283899       0.17161008E-01   0.11102230E-15
  0.41134002       0.51697531E-03   0.58814300    
  0.19829400E-02   0.19024691E-01   0.97899237    
             NaN              NaN              NaN              NaN              NaN              NaN              NaN
       1      249        1
  0.99927143E-01   0.97122695E-01   0.50542443E-01   0.76872988E-01   0.60003201E-01   0.40904525E-01
  0.49695544       0.50304456    
  0.98345936       0.16540638E-01   0.11102230E-15
  0.41154681       0.51697531E-03   0.58793621    
  0.19639261E-02   0.18817901E-01   0.97921817    
             NaN              NaN              NaN              NaN              NaN              NaN              NaN
       1      257        1
  0.99712734E-01   0.97061468E-01   0.50561437E-01   0.77088914E-01   0.60046646E-01   0.40922308E-01
  0.49695544       0.50304456    
  0.98407973       0.15920267E-01   0.22204460E-15
  0.41278755       0.51697531E-03   0.58669547    
  0.19427129E-02   0.18817901E-01   0.97923939    
             NaN              NaN              NaN              NaN              NaN              NaN              NaN
       1      265        1
  0.99591169E-01   0.97000318E-01   0.50582382E-01   0.77207338E-01   0.60091448E-01   0.40938655E-01
  0.49695544       0.50304456    
  0.98470010       0.15299897E-01   0.22204460E-15
  0.41340792       0.51697531E-03   0.58607510    
  0.18801843E-02   0.18817901E-01   0.97930191    
             NaN              NaN              NaN              NaN              NaN              NaN              NaN
       1      273        1
  0.99568726E-01   0.96939245E-01   0.50613361E-01   0.77213941E-01   0.60121352E-01   0.40969824E-01
  0.49695544       0.50304456    
  0.98532047       0.14679527E-01   0.22204460E-15
  0.41340792       0.51697531E-03   0.58607510    
  0.18824707E-02   0.18611111E-01   0.97950642    
             NaN              NaN              NaN              NaN              NaN              NaN              NaN
       1      281        1
  0.99330335E-01   0.96878250E-01   0.50659491E-01   0.77413825E-01   0.60135842E-01   0.41016329E-01
  0.49716223       0.50283777    
  0.98594084       0.14059156E-01   0.33306691E-15
  0.41485545       0.51697531E-03   0.58462757    
  0.18824707E-02   0.18611111E-01   0.97950642    
             NaN              NaN              NaN              NaN              NaN              NaN              NaN
       1      289        1
  0.99241956E-01   0.96817331E-01   0.50679044E-01   0.77503329E-01   0.60177216E-01   0.41035874E-01
  0.49716223       0.50283777    
  0.98656121       0.13438786E-01   0.66613381E-15
  0.41526903       0.51697531E-03   0.58421399    
  0.18801843E-02   0.18611111E-01   0.97950870    
             NaN              NaN              NaN              NaN              NaN              NaN              NaN
       1      297        1
  0.99068649E-01   0.96773633E-01   0.50703225E-01   0.77661920E-01   0.60197320E-01   0.41059468E-01
  0.49716223       0.50283777    
  0.98700669       0.12993313E-01   0.33306691E-15
  0.41630298       0.51697531E-03   0.58318004    
  0.18687854E-02   0.18404321E-01   0.97972689    
             NaN              NaN              NaN              NaN              NaN              NaN              NaN
       1      305        1
  0.98949544E-01   0.96715969E-01   0.50721786E-01   0.77781510E-01   0.60237434E-01   0.41077018E-01
  0.49716223       0.50283777    
  0.98759516       0.12404835E-01   0.55511151E-15
  0.41692335       0.51697531E-03   0.58255967    
  0.18529206E-02   0.18404321E-01   0.97974276    
             NaN              NaN              NaN              NaN              NaN              NaN              NaN
       1      313        1
  0.98899365E-01   0.96672363E-01   0.50736234E-01   0.77831340E-01   0.60267551E-01   0.41090507E-01
  0.49716223       0.50283777    
  0.98804064       0.11959362E-01   0.33306691E-15
  0.41713014       0.51697531E-03   0.58235288    
  0.18394086E-02   0.18404321E-01   0.97975627    
             NaN              NaN              NaN              NaN              NaN              NaN              NaN
       1      321        1
  0.98695305E-01   0.96631914E-01   0.50759358E-01   0.78020328E-01   0.60286098E-01   0.41112409E-01
  0.49716223       0.50283777    
  0.98845422       0.11545782E-01   0.44408921E-15
  0.41837088       0.51697531E-03   0.58111214    
  0.18192892E-02   0.18197531E-01   0.97998318    
             NaN              NaN              NaN              NaN              NaN              NaN              NaN
       1      329        1
  0.98582803E-01   0.96574419E-01   0.50805615E-01   0.78091737E-01   0.60298247E-01   0.41157756E-01
  0.49736902       0.50263098    
  0.98904270       0.10957305E-01   0.55511151E-15
  0.41899126       0.51697531E-03   0.58049177    
  0.18059745E-02   0.18197531E-01   0.97999649    
             NaN              NaN              NaN              NaN              NaN              NaN              NaN
       1      337        1
  0.98439141E-01   0.96534052E-01   0.50818089E-01   0.78236484E-01   0.60326913E-01   0.41169456E-01
  0.49736902       0.50263098    
  0.98945628       0.10543724E-01   0.55511151E-15
  0.41981842       0.51697531E-03   0.57966461    
  0.17927380E-02   0.18197531E-01   0.98000973    
             NaN              NaN              NaN              NaN              NaN              NaN              NaN
       1      345        1
  0.98329466E-01   0.96493719E-01   0.50842011E-01   0.78329841E-01   0.60344530E-01   0.41192172E-01
  0.49736902       0.50263098    
  0.98986986       0.10130144E-01   0.66613381E-15
  0.42043879       0.51697531E-03   0.57904424    
  0.17752102E-02   0.17990741E-01   0.98023405    
             NaN              NaN              NaN              NaN              NaN              NaN              NaN
       1      353        1
  0.98248873E-01   0.96453419E-01   0.50855066E-01   0.78410560E-01   0.60372655E-01   0.41204346E-01
  0.49736902       0.50263098    
  0.99028344       0.97165638E-02   0.66613381E-15
  0.42085237       0.51697531E-03   0.57863066    
  0.17621543E-02   0.17990741E-01   0.98024710    
             NaN              NaN              NaN              NaN              NaN              NaN              NaN
       1      361        1
  0.98072131E-01   0.96413153E-01   0.50868323E-01   0.78585599E-01   0.60403566E-01   0.41213701E-01
  0.49736902       0.50263098    
  0.99069702       0.93029835E-02   0.77715612E-15
  0.42188632       0.51697531E-03   0.57759671    
  0.17085748E-02   0.17990741E-01   0.98030068    
             NaN              NaN              NaN              NaN              NaN              NaN              NaN
       1      369        1
  0.97937552E-01   0.96372921E-01   0.50919119E-01   0.78664167E-01   0.60392868E-01   0.41264632E-01
  0.49757581       0.50242419    
  0.99111060       0.88894033E-02   0.55511151E-15
  0.42271348       0.51697531E-03   0.57676955    
  0.17085748E-02   0.17783951E-01   0.98050747    
             NaN              NaN              NaN              NaN              NaN              NaN              NaN
       1      377        1
  0.97927721E-01   0.96349718E-01   0.50926769E-01   0.78674133E-01   0.60408404E-01   0.41272299E-01
  0.49757581       0.50242419    
  0.99134928       0.86507202E-02   0.11102230E-15
  0.42271348       0.51697531E-03   0.57676955    
  0.17085748E-02   0.17783951E-01   0.98050747    
             NaN              NaN              NaN              NaN              NaN              NaN              NaN
       1      385        1
  0.97720636E-01   0.96309538E-01   0.50938405E-01   0.78883782E-01   0.60437089E-01   0.41283793E-01
  0.49757581       0.50242419    
  0.99176286       0.82371399E-02    0.0000000    
  0.42395422       0.51697531E-03   0.57552881    
  0.17022332E-02   0.17783951E-01   0.98051382    
             NaN              NaN              NaN              NaN              NaN              NaN              NaN
       1      393        1
  0.97612011E-01   0.96272487E-01   0.50961201E-01   0.78976319E-01   0.60452185E-01   0.41305749E-01
  0.49757581       0.50242419    
  0.99214455       0.78554527E-02   0.66613381E-15
  0.42457459       0.51697531E-03   0.57490844    
  0.16896059E-02   0.17577160E-01   0.98073323    
             NaN              NaN              NaN              NaN              NaN              NaN              NaN
       1      401        1
  0.97475037E-01   0.96249332E-01   0.50968063E-01   0.79114116E-01   0.60469403E-01   0.41311686E-01
  0.49757581       0.50242419    
  0.99238323       0.76167695E-02   0.33306691E-15
  0.42540175       0.51697531E-03   0.57408128    
  0.16749678E-02   0.17577160E-01   0.98074787    
             NaN              NaN              NaN              NaN              NaN              NaN              NaN
       1      409        1
  0.97332183E-01   0.96212327E-01   0.50979434E-01   0.79258042E-01   0.60495784E-01   0.41322310E-01
  0.49757581       0.50242419    
  0.99276492       0.72350823E-02    0.0000000    
  0.42622891       0.51697531E-03   0.57325412    
  0.16625007E-02   0.17577160E-01   0.98076034    
             NaN              NaN              NaN              NaN              NaN              NaN              NaN
       1      417        1
  0.97298548E-01   0.96189201E-01   0.51025736E-01   0.79233194E-01   0.60473794E-01   0.41367425E-01
  0.49778260       0.50221740    
  0.99300360       0.69963992E-02   0.33306691E-15
  0.42643570       0.51697531E-03   0.57304733    
  0.16480482E-02   0.17370370E-01   0.98098158    
             NaN              NaN              NaN              NaN              NaN              NaN              NaN
       1      425        1
  0.97092135E-01   0.96152243E-01   0.51036474E-01   0.79441661E-01   0.60500649E-01   0.41377529E-01
  0.49778260       0.50221740    
  0.99338529       0.66147119E-02   0.11102230E-15
  0.42767644       0.51697531E-03   0.57180658    
  0.16357393E-02   0.17370370E-01   0.98099389    
             NaN              NaN              NaN              NaN              NaN              NaN              NaN
       1      433        1
  0.96986571E-01   0.96129145E-01   0.51043642E-01   0.79547460E-01   0.60517702E-01   0.41383574E-01
  0.49778260       0.50221740    
  0.99362397       0.63760288E-02    0.0000000    
  0.42829681       0.51697531E-03   0.57118621    
  0.16194399E-02   0.17370370E-01   0.98101019    
             NaN              NaN              NaN              NaN              NaN              NaN              NaN
       1      441        1
  0.96979949E-01   0.96109143E-01   0.51061768E-01   0.79536401E-01   0.60520561E-01   0.41400717E-01
  0.49778260       0.50221740    
  0.99383076       0.61692387E-02    0.0000000    
  0.42829681       0.51697531E-03   0.57118621    
  0.16072992E-02   0.17163580E-01   0.98122912    
             NaN              NaN              NaN              NaN              NaN              NaN              NaN
       1      449        1
  0.96741453E-01   0.96072246E-01   0.51072384E-01   0.79776895E-01   0.60547898E-01   0.41410276E-01
  0.49778260       0.50221740    
  0.99421245       0.57875514E-02   0.11102230E-15
  0.42974434       0.51697531E-03   0.56973868    
  0.15892217E-02   0.17163580E-01   0.98124720    
             NaN              NaN              NaN              NaN              NaN              NaN              NaN
       1      457        1
  0.96674721E-01   0.96052268E-01   0.51105856E-01   0.79803072E-01   0.60535080E-01   0.41443073E-01
  0.49798939       0.50201061    
  0.99441924       0.55807613E-02    0.0000000    
  0.43015792       0.51697531E-03   0.56932510    
  0.15802428E-02   0.17163580E-01   0.98125618    
             NaN              NaN              NaN              NaN              NaN              NaN              NaN
       1      465        1
  0.96505443E-01   0.96029219E-01   0.51112436E-01   0.79973425E-01   0.60552706E-01   0.41448496E-01
  0.49798939       0.50201061    
  0.99465792       0.53420782E-02    0.0000000    
  0.43119187       0.51697531E-03   0.56829115    
  0.15624037E-02   0.17163580E-01   0.98127402    
             NaN              NaN              NaN              NaN              NaN              NaN              NaN
       1      473        1
  0.96371683E-01   0.96009258E-01   0.51129412E-01   0.80091321E-01   0.60556452E-01   0.41464711E-01
  0.49798939       0.50201061    
  0.99486471       0.51352881E-02   0.11102230E-15
  0.43201903       0.51697531E-03   0.56746399    
  0.15505983E-02   0.16956790E-01   0.98149261    
             NaN              NaN              NaN              NaN              NaN              NaN              NaN
       9        1        1
  0.10293489       0.10199080       0.48435250E-01   0.74639843E-01   0.57146549E-01   0.38893069E-01
  0.49550791       0.50449209    
  0.93651800       0.63481996E-01   0.66613381E-15
  0.40410237       0.51697531E-03   0.59538066    
  0.33053285E-02   0.24194444E-01   0.97250023    
             NaN              NaN              NaN              NaN              NaN              NaN              NaN
       9        9        1
  0.10267200       0.10178852       0.48499800E-01   0.74907355E-01   0.57283671E-01   0.38958228E-01
  0.49550791       0.50449209    
  0.93837912       0.61620885E-01   0.66613381E-15
  0.40534311       0.51697531E-03   0.59413992    
  0.33016563E-02   0.24194444E-01   0.97250390    
             NaN              NaN              NaN              NaN              NaN              NaN              NaN
       9       17        1
  0.10251030       0.10158704       0.48605122E-01   0.75011567E-01   0.57380310E-01   0.39063069E-01
  0.49571470       0.50428530    
  0.94024023       0.59759774E-01   0.55511151E-15
  0.40596348       0.51697531E-03   0.59351955    
  0.32906610E-02   0.23987654E-01   0.97272168    
             NaN              NaN              NaN              NaN              NaN              NaN              NaN
       9       25        1
  0.10230687       0.10138636       0.48670379E-01   0.75216832E-01   0.57516982E-01   0.39127081E-01
  0.49571470       0.50428530    
  0.94210134       0.57898663E-01   0.55511151E-15
  0.40679064       0.51697531E-03   0.59269239    
  0.32651293E-02   0.23987654E-01   0.97274722    
             NaN              NaN              NaN              NaN              NaN              NaN              NaN
       9       33        1
  0.10213361       0.10118646       0.48735820E-01   0.75391069E-01   0.57653049E-01   0.39190907E-01
  0.49571470       0.50428530    
  0.94396245       0.56037551E-01   0.44408921E-15
  0.40741101       0.51697531E-03   0.59207202    
  0.32361613E-02   0.23987654E-01   0.97277618    
             NaN              NaN              NaN              NaN              NaN              NaN              NaN
       9       41        1
  0.10200260       0.10100944       0.48804909E-01   0.75505928E-01   0.57763050E-01   0.39257928E-01
  0.49571470       0.50428530    
  0.94561677       0.54383230E-01   0.44408921E-15
  0.40782459       0.51697531E-03   0.59165844    
  0.32038396E-02   0.23780864E-01   0.97301530    
             NaN              NaN              NaN              NaN              NaN              NaN              NaN
       9       49        1
  0.10177813       0.10083304       0.48861657E-01   0.75733168E-01   0.57883329E-01   0.39314052E-01
  0.49571470       0.50428530    
  0.94727109       0.52728909E-01   0.44408921E-15
  0.40885854       0.51697531E-03   0.59062449    
  0.31860045E-02   0.23780864E-01   0.97303313    
             NaN              NaN              NaN              NaN              NaN              NaN              NaN
       9       57        1
  0.10156943       0.10065725       0.48978883E-01   0.75853172E-01   0.57943392E-01   0.39429778E-01
  0.49592149       0.50407851    
  0.94892541       0.51074588E-01   0.44408921E-15
  0.40968570       0.72376543E-03   0.58959053    
  0.31611802E-02   0.23574074E-01   0.97326475    
             NaN              NaN              NaN              NaN              NaN              NaN              NaN
       9       65        1
  0.10149668       0.10048207       0.49037170E-01   0.75925251E-01   0.58061926E-01   0.39486421E-01
  0.49592149       0.50407851    
  0.95057973       0.49420267E-01   0.44408921E-15
  0.40968570       0.72376543E-03   0.58959053    
  0.31365238E-02   0.23574074E-01   0.97328940    
             NaN              NaN              NaN              NaN              NaN              NaN              NaN
       9       73        1
  0.10125288       0.10032929       0.49096864E-01   0.76155196E-01   0.58156422E-01   0.39544705E-01
  0.49592149       0.50407851    
  0.95202726       0.47972737E-01   0.44408921E-15
  0.41092644       0.72376543E-03   0.58834979    
  0.31085493E-02   0.23367284E-01   0.97352417    
             NaN              NaN              NaN              NaN              NaN              NaN              NaN
       9       81        1
  0.10109593       0.10017698       0.49148118E-01   0.76308516E-01   0.58263312E-01   0.39590131E-01
  0.49592149       0.50407851    
  0.95347479       0.46525206E-01   0.44408921E-15
  0.41154681       0.72376543E-03   0.58772942    
  0.30259165E-02   0.23367284E-01   0.97360680    
             NaN              NaN              NaN              NaN              NaN              NaN              NaN
       9       89        1
  0.10102431       0.10000347       0.49205219E-01   0.76381347E-01   0.58379502E-01   0.39647452E-01
  0.49592149       0.50407851    
  0.95512912       0.44870885E-01   0.44408921E-15
  0.41154681       0.72376543E-03   0.58772942    
  0.30259165E-02   0.23367284E-01   0.97360680    
             NaN              NaN              NaN              NaN              NaN              NaN              NaN
       9       97        1
  0.10078860       0.99852138E-01   0.49292232E-01   0.76562733E-01   0.58442748E-01   0.39735535E-01
  0.49612828       0.50387172    
  0.95657665       0.43423354E-01   0.55511151E-15
  0.41278755       0.72376543E-03   0.58648868    
  0.30327293E-02   0.23160494E-01   0.97380678    
             NaN              NaN              NaN              NaN              NaN              NaN              NaN
       9      105        1
  0.10064235       0.99722791E-01   0.49334352E-01   0.76709787E-01   0.58531353E-01   0.39776277E-01
  0.49612828       0.50387172    
  0.95781739       0.42182613E-01   0.55511151E-15
  0.41340792       0.72376543E-03   0.58586831    
  0.30089423E-02   0.23160494E-01   0.97383056    
             NaN              NaN              NaN              NaN              NaN              NaN              NaN
       9      113        1
  0.10042856       0.99572309E-01   0.49393630E-01   0.76909293E-01   0.58623773E-01   0.39834338E-01
  0.49612828       0.50387172    
  0.95926492       0.40735082E-01   0.44408921E-15
  0.41444187       0.72376543E-03   0.58483436    
  0.29853164E-02   0.22953704E-01   0.97406098    
             NaN              NaN              NaN              NaN              NaN              NaN              NaN
       9      121        1
  0.10028201       0.99443686E-01   0.49435704E-01   0.77056104E-01   0.58712207E-01   0.39874527E-01
  0.49612828       0.50387172    
  0.96050566       0.39494342E-01   0.66613381E-15
  0.41506224       0.72376543E-03   0.58421399    
  0.29551752E-02   0.22953704E-01   0.97409112    
             NaN              NaN              NaN              NaN              NaN              NaN              NaN
       9      129        1
  0.10019544       0.99294045E-01   0.49513567E-01   0.77099995E-01   0.58785393E-01   0.39950983E-01
  0.49633507       0.50366493    
  0.96195319       0.38046811E-01   0.22204460E-15
  0.41526903       0.72376543E-03   0.58400720    
  0.29352270E-02   0.22953704E-01   0.97411107    
             NaN              NaN              NaN              NaN              NaN              NaN              NaN
       9      137        1
  0.99959407E-01   0.99166139E-01   0.49565069E-01   0.77322161E-01   0.58862933E-01   0.40001348E-01
  0.49633507       0.50366493    
  0.96319393       0.36806070E-01   0.22204460E-15
  0.41650977       0.72376543E-03   0.58276646    
  0.29121006E-02   0.22746914E-01   0.97434099    
             NaN              NaN              NaN              NaN              NaN              NaN              NaN
       9      145        1
  0.99812823E-01   0.99038562E-01   0.49606674E-01   0.77469323E-01   0.58950509E-01   0.40041350E-01
  0.49633507       0.50366493    
  0.96443467       0.35565329E-01   0.33306691E-15
  0.41713014       0.72376543E-03   0.58214609    
  0.28858622E-02   0.22746914E-01   0.97436722    
             NaN              NaN              NaN              NaN              NaN              NaN              NaN
       9      153        1
  0.99770404E-01   0.98932499E-01   0.49653175E-01   0.77494176E-01   0.59011767E-01   0.40086155E-01
  0.49633507       0.50366493    
  0.96546862       0.34531379E-01   0.44408921E-15
  0.41713014       0.72376543E-03   0.58214609    
  0.28630704E-02   0.22540123E-01   0.97459681    
             NaN              NaN              NaN              NaN              NaN              NaN              NaN
       9      161        1
  0.99531233E-01   0.98805522E-01   0.49693539E-01   0.77735630E-01   0.59099698E-01   0.40125201E-01
  0.49633507       0.50366493    
  0.96670936       0.33290638E-01   0.44408921E-15
  0.41837088       0.72376543E-03   0.58090535    
  0.28372119E-02   0.22540123E-01   0.97462266    
             NaN              NaN              NaN              NaN              NaN              NaN              NaN
       9      169        1
  0.99401864E-01   0.98699957E-01   0.49767913E-01   0.77804206E-01   0.59134919E-01   0.40195546E-01
  0.49654186       0.50345814    
  0.96774331       0.32256687E-01   0.44408921E-15
  0.41899126       0.72376543E-03   0.58028498    
  0.27829258E-02   0.22333333E-01   0.97488374    
             NaN              NaN              NaN              NaN              NaN              NaN              NaN
       9      177        1
  0.99348763E-01   0.98573576E-01   0.49809491E-01   0.77858206E-01   0.59219571E-01   0.40237274E-01
  0.49654186       0.50345814    
  0.96898405       0.31015947E-01   0.44408921E-15
  0.41899126       0.72376543E-03   0.58028498    
  0.27829258E-02   0.22333333E-01   0.97488374    
             NaN              NaN              NaN              NaN              NaN              NaN              NaN
       9      185        1
  0.99087466E-01   0.98468506E-01   0.49841902E-01   0.78123295E-01   0.59292480E-01   0.40269435E-01
  0.49654186       0.50345814    
  0.97001800       0.29981996E-01   0.22204460E-15
  0.42043879       0.72376543E-03   0.57883745    
  0.27702825E-02   0.22333333E-01   0.97489638    
             NaN              NaN              NaN              NaN              NaN              NaN              NaN
       9      193        1
  0.98983159E-01   0.98363659E-01   0.49887366E-01   0.78211092E-01   0.59353341E-01   0.40313421E-01
  0.49654186       0.50345814    
  0.97105195       0.28948045E-01   0.33306691E-15
  0.42085237       0.72376543E-03   0.57842387    
  0.27482748E-02   0.22126543E-01   0.97512518    
             NaN              NaN              NaN              NaN              NaN              NaN              NaN
       9      201        1
  0.98796204E-01   0.98259035E-01   0.49910268E-01   0.78415307E-01   0.59436460E-01   0.40334926E-01
  0.49654186       0.50345814    
  0.97208591       0.27914095E-01    0.0000000    
  0.42188632       0.62037037E-03   0.57749331    
  0.27233060E-02   0.22126543E-01   0.97515015    
             NaN              NaN              NaN              NaN              NaN              NaN              NaN
       9      209        1
  0.98676127E-01   0.98175496E-01   0.49976288E-01   0.78477477E-01   0.59455268E-01   0.40399656E-01
  0.49674865       0.50325135    
  0.97291307       0.27086934E-01   0.44408921E-15
  0.42250669       0.62037037E-03   0.57687294    
  0.27047066E-02   0.21919753E-01   0.97537554    
             NaN              NaN              NaN              NaN              NaN              NaN              NaN
       9      217        1
  0.98537566E-01   0.98071272E-01   0.50010497E-01   0.78615575E-01   0.59527809E-01   0.40431339E-01
  0.49674865       0.50325135    
  0.97394702       0.26052984E-01   0.44408921E-15
  0.42312706       0.62037037E-03   0.57625257    
  0.26678321E-02   0.21919753E-01   0.97541241    
             NaN              NaN              NaN              NaN              NaN              NaN              NaN
       9      225        1
  0.98377639E-01   0.97988053E-01   0.50036690E-01   0.78777679E-01   0.59585125E-01   0.40457244E-01
  0.49674865       0.50325135    
  0.97477418       0.25225823E-01    0.0000000    
  0.42395422       0.62037037E-03   0.57542541    
  0.26586806E-02   0.21919753E-01   0.97542157    
             NaN              NaN              NaN              NaN              NaN              NaN              NaN
       9      233        1
  0.98242085E-01   0.97884226E-01   0.50081441E-01   0.78897459E-01   0.59645319E-01   0.40500876E-01
  0.49674865       0.50325135    
  0.97580813       0.24191872E-01    0.0000000    
  0.42457459       0.62037037E-03   0.57480504    
  0.26404576E-02   0.21712963E-01   0.97564658    
             NaN              NaN              NaN              NaN              NaN              NaN              NaN
       9      241        1
  0.98118748E-01   0.97801323E-01   0.50136108E-01   0.78979402E-01   0.59675244E-01   0.40553854E-01
  0.49695544       0.50304456    
  0.97663529       0.23364712E-01   0.44408921E-15
  0.42519496       0.62037037E-03   0.57418467    
  0.26163253E-02   0.21712963E-01   0.97567071    
             NaN              NaN              NaN              NaN              NaN              NaN              NaN
       9      249        1
  0.98054068E-01   0.97718560E-01   0.50174726E-01   0.79026770E-01   0.59720922E-01   0.40590939E-01
  0.49695544       0.50304456    
  0.97746245       0.22537551E-01   0.44408921E-15
  0.42540175       0.62037037E-03   0.57397788    
  0.25953633E-02   0.21506173E-01   0.97589846    
